x,y
0.42685370741482975,3.1267825276933934
2.531062124248497,6.228719415944224
0.0661322645290583,3.2017475989514064
0.9198396793587174,4.676088056206564
-1.4609218436873748,1.4202739258591626
1.6412825651302603,5.814886172811706
1.5811623246492985,4.938510708218645
-0.36673346693386755,1.4038225513871838
-1.9298597194388778,-0.15757303910282783
-1.5811623246492985,-0.3440143778177148
-2.1102204408817635,-0.30536956512492885
-1.2925851703406814,2.4601857247298047
-0.2344689378757514,0.9352835655029785
-0.775551102204409,0.3070793336901718
-2.9398797595190382,-3.020192213835169
-2.5190380761523046,-2.72388810698304
1.2444889779559114,8.169092066057287
0.12625250501002006,3.1760228360892206
-2.975951903807615,-1.7971919058154853
-0.24649298597194402,1.9183818884826502
-2.6513026052104207,-3.0398944877868503
2.0861723446893787,8.338092371817037
1.292585170340681,7.446925880049993
2.44689378757515,8.496925435575175
-2.0140280561122244,-3.0217601098295948
2.7955911823647295,6.709986646034447
-2.182364729458918,-0.7634929175243723
-1.3527054108216432,0.24592128202549593
-1.749498997995992,-1.2468429977831406
1.3406813627254506,7.831607992324988
-2.711422845691383,-2.764086641439743
-0.18637274549098182,2.732700446241418
-1.1482965931863727,0.49739071689961656
-1.6653306613226453,1.1520310877428983
-0.19839679358717444,2.3275569047111153
-0.018036072144288706,2.3541645440901404
-1.028056112224449,-0.7534994105292783
2.49498997995992,7.473546122553496
-0.7274549098196395,1.2810100438267735
-0.12625250501002006,2.459132275917247
-2.098196392785571,-2.5614622061657633
-1.2685370741482966,-0.628270431447735
1.5210420841683367,5.806623198281063
0.5350701402805611,5.335429727042232
-1.1963927855711423,0.9229876784350695
-1.340681362725451,-0.11600670990082151
-2.2064128256513027,-2.0173015872427236
-0.6673346693386772,2.441890904430852
1.3887775551102202,6.981678086228482
2.8917835671342687,10.08739022703175
-1.8216432865731462,-1.2822606430219263
1.5931863727454907,7.163217966320204
-1.8817635270541082,-0.8299955831519256
-2.843687374749499,-2.9975407817952155
-1.1002004008016033,-0.22381975203844306
-1.629258517034068,-0.7603921846622582
-0.2104208416833666,2.1795272762106968
1.9058116232464926,6.3056816972838305
-1.43687374749499,0.6916630210620947
2.915831663326653,9.001121404036919
-1.965931863727455,-2.8636080846427445
-2.6633266533066133,-1.084259550478417
-2.531062124248497,-1.8719416487871632
-1.9418837675350702,-1.1674953421359995
-1.5691382765531063,-0.24087812434033398
-2.8316633266533064,-2.926202288194531
-2.338677354709419,-1.7940413518083056
-1.3887775551102204,0.19193271584380972
-1.1723446893787575,1.3583653589673872
2.9639278557114226,8.822938019848536
0.3306613226452906,4.6574090269301776
1.7615230460921847,7.30717054244769
-2.2545090180360723,-1.6218823920015635
1.869739478957916,6.111134291668295
2.7835671342685373,8.052489891113447
-1.3046092184368738,-0.17777058301968618
-2.3266533066132267,-1.6949893813843924
2.0020040080160317,7.107865324285859
1.4969939879759515,6.739726250975093
0.7394789579158316,6.618645629915449
-1.4488977955911824,0.023586161759615296
0.5230460921843685,4.3538096224150005
-1.496993987975952,-0.2078531201741176
-2.002004008016032,-1.5269167030599191
-1.7615230460921845,-0.2455244245577936
-1.9779559118236474,-1.6556364184131769
0.6072144288577155,5.58973288628336
-2.687374749498998,-3.1623867430420836
2.927855711422846,8.3584298833882
-0.47494989979959934,1.6135540085047968
2.3867735470941884,7.920578050645857
-2.4829659318637276,-1.7612194346229588
-2.7354709418837677,-3.0396381995552533
0.7034068136272547,4.318657732924385
-1.1362725450901803,2.4895838233018246
1.8817635270541082,6.817277944431724
1.9539078156312621,7.711585688596016
-1.3286573146292586,1.3530882566505171
-0.9198396793587174,0.841563328054145
2.266533066132265,8.277937249760113
-1.9539078156312626,-1.142469141136094
-0.6312625250501003,0.2746253663106748
1.0280561122244487,3.899873869485534
2.8076152304609217,8.489871073088683
-2.1342685370741483,-2.179443032160513
-1.2444889779559118,0.9986254906093965
-0.93186372745491,0.37342580403021
-1.2084168336673347,0.23161089397006723
-2.19438877755511,-1.3002029153787633
-2.49498997995992,-1.3216922904521757
-2.5430861723446894,0.46199847764470725
-1.7374749498997997,-0.5349553661294298
2.7715430861723442,8.037760399053635
1.6653306613226455,3.767905900642148
1.785571142284569,5.617711582988909
1.3647294589178358,4.621832950210124
2.098196392785571,7.547369746882328
-2.7955911823647295,-2.4676613903993507
2.0501002004008013,6.681125488807084
2.6513026052104207,7.708775017437889
2.254509018036072,5.807688759781764
1.8336673346693386,6.331263043892232
-0.8717434869739478,1.3469935064033092
1.304609218436874,5.100166161198125
-0.39078156312625234,2.127702786493992
-0.3186372745490984,0.9821437955328807
-0.17434869739478964,4.4654962238950695
-1.9899799599198398,-0.40182565419897087
2.1703406813627257,8.733343033559557
2.038076152304609,8.167972247404913
-2.6392785571142285,-1.3776154301410255
1.8456913827655308,7.9794877623194305
-0.49899799599198413,2.6276275768603217
-1.1122244488977957,1.4166224198174069
-0.5591182364729459,3.241888249960421
-0.9559118236472948,1.329216104093771
-2.4108216432865732,-0.2859994858606085
-2.3627254509018036,-2.5042087536015574
-0.40280561122244496,2.3714665362994243
0.09018036072144264,4.0490396719755575
-1.905811623246493,-0.992432135498329
-2.3747494989979963,-0.6396610436215489
-0.41482965931863713,1.7020048544705828
-2.1462925851703405,-2.1963391752588226
1.2685370741482966,4.892152477424811
0.9078156312625252,6.179703071653432
1.1482965931863731,4.455631500964116
-2.2665330661322645,-1.539293236829227
2.3266533066132267,6.934789776691478
-0.282565130260521,2.198321389395561
-0.6192384769539077,1.3822887211351822
1.4729458917835672,6.5546723946907575
-2.5551102204408815,-2.9688494835886265
-1.4128256513026052,1.1033947186523931
2.3146292585170336,8.553756464632539
2.2064128256513023,7.214794074626742
0.5110220440881763,4.150341318861611
2.362725450901803,5.869982145368974
1.2565130260521045,6.623920074361322
1.1242484969939879,6.201758789849624
2.8557114228456912,10.482232969263082
2.338677354709419,7.010358447956014
-2.9519038076152304,-3.558098368090468
2.278557114228457,9.209431919183878
0.6192384769539077,5.359027758509093
-3.0,-4.267714466995409
2.5430861723446894,8.28683455782951
1.8096192384769543,5.764979799745534
1.94188376753507,6.9824364450439065
-2.9158316633266534,-3.908788812235633
-2.3867735470941884,-0.527918590385152
0.7875751503006012,4.999457458744012
0.93186372745491,5.784129375154569
0.054108216432865675,3.352002193655746
0.8957915831663326,6.858395979758919
0.3066132264529058,3.1412449384252206
-0.4388777555110219,0.03016941083567115
1.460921843687375,7.387970803680463
-1.7975951903807614,-0.6875046417111379
2.350701402805611,8.121887094331548
1.9779559118236474,7.408299024678157
-2.5070140280561124,-2.975698437778084
2.831663326653307,9.259835606358761
-1.7014028056112225,-0.06672167713754057
-0.0420841683366735,4.0942503139858735
-1.7254509018036073,-1.6688124014533017
-1.653306613226453,-0.8150272603073984
1.6893787575150299,5.924437782079404
-2.879759519038076,-4.200069035112657
-0.13827655310621267,2.7000314935946275
2.675350701402806,9.541244196980157
-1.5210420841683367,-1.0388204634054508
2.987975951903808,7.981341735554618
-0.8957915831663326,-0.4547205493352442
-0.5831663326653307,3.107261453723549
-2.44689378757515,-1.1056836577793574
1.1723446893787575,5.577671280280046
-2.867735470941884,-2.754808166666881
2.19438877755511,8.572200104236655
-0.5470941883767537,1.8332422379430375
-0.7154308617234468,3.034993626654612
-1.160320641282565,0.9090949403211611
0.7755511022044086,7.291321091557473
-0.07815631262525047,2.256379065333583
0.40280561122244496,3.9028582298165166
0.4869739478957915,4.335795797744939
0.5951903807615229,2.936566901387123
1.1963927855711418,5.377655094564521
-0.7995991983967938,1.9088850308017413
0.13827655310621223,2.542839010625942
-0.45090180360721455,2.2150918563270103
3.0,10.774730654626936
-0.10220440881763526,3.3479251376468224
0.6432865731462925,3.984492983076782
0.4629258517034067,3.2569161562008992
1.7975951903807612,9.018780701745449
0.5711422845691381,0.9036095364020578
-0.6432865731462925,1.726501856662067
-1.7855711422845693,-2.3178111850307865
0.5470941883767533,4.2934590862489985
-0.16232464929859702,1.6415294111938026
0.9559118236472948,5.510093055439498
0.18637274549098182,3.3792237049816407
-2.7595190380761525,-1.9055444605175622
2.5671342685370737,7.709736300393093
2.7234468937875747,8.83823298275222
0.45090180360721455,5.076131503090435
0.7274549098196395,5.754022931008947
-0.7875751503006012,2.5259018692098962
-0.8356713426853708,0.4755330771120101
-1.1843687374749499,0.6533616400724621
-1.4248496993987976,-0.5438577777021864
2.3747494989979963,8.36204084710119
-2.6753507014028055,-1.7213558401304851
1.6052104208416837,7.137443103017446
-2.3026052104208414,0.17481370621612347
-0.9799599198396796,1.4009326346927082
-2.579158316633267,-2.123046830361763
-0.847695390781563,0.05954379182601843
-2.158316633266533,-0.4814288081886824
-0.4869739478957915,2.232506035883799
1.3166332665330662,6.186826433784377
1.4849699398797593,4.89148628888552
0.811623246492986,4.56425254640587
-0.8236472945891782,1.5000404291455212
-0.054108216432865675,3.4297741204622927
-1.6412825651302605,-0.7619741618447612
-1.3647294589178356,-0.5455822816577995
-0.9679358717434869,1.1428993107926402
-1.4729458917835672,-0.4659844633245349
1.545090180360721,6.373341537102568
0.10220440881763526,2.8092824308566544
-1.0040080160320641,0.9111903551317835
0.11422845691382744,2.658921082395353
1.7254509018036073,5.308445891899808
-1.124248496993988,-0.4037579893865262
-0.09018036072144309,2.6502871137512822
2.122244488977956,6.173471003558351
-2.278557114228457,-2.0237245927466567
2.2424849699398797,8.95426378054676
2.819639278557114,11.056340494952751
-2.903807615230461,-2.0866722109955127
-2.0861723446893787,-1.9760570254881378
-1.8096192384769538,-0.6777985046290531
-2.458917835671343,-3.3086397264977414
-0.5951903807615229,-0.24105276122492336
2.507014028056112,7.551253481130074
2.1583166332665327,7.652678449924215
-2.9278557114228456,-1.403868710847017
-0.9919839679358717,-0.8675858072749598
1.3527054108216436,4.972977120434375
0.9679358717434869,4.751249391029256
1.713426853707415,6.871089689786281
-0.37875751503006017,2.465899140861323
-0.2585170340681362,1.7280514950116146
-2.74749498997996,-4.218520034969528
1.052104208416834,4.92029356606345
-0.4629258517034067,0.8518506684534468
0.9799599198396791,3.998589895877841
-0.8837675350701404,-0.20244799206587238
0.35470941883767537,3.0215972908326902
-0.7635270541082164,1.9442893193263449
1.1002004008016035,3.5093903764094607
0.7995991983967934,4.322665104737717
0.2344689378757514,2.98606445735582
-1.0641282565130261,0.3054788882492253
-0.811623246492986,-0.44701712359471757
-1.8937875751503006,-1.738446770768875
-0.7394789579158316,0.402587930706503
0.8597194388777556,3.401039265199202
-2.8196392785571143,-2.332780310099094
1.2084168336673349,6.145566132248517
1.13627254509018,4.61483185431918
1.7494989979959916,7.696995278705181
0.2705410821643288,2.810603262434965
2.026052104208417,7.173680849649802
-2.434869739478958,-2.3572285078247592
0.49899799599198413,1.8676718188320343
0.07815631262525047,2.727319856357777
0.2585170340681362,3.552916350672007
0.7154308617234468,4.443084000920416
0.282565130260521,5.179665601071537
1.2805611222444888,7.048248002077408
-0.5230460921843689,1.2987201326765605
1.9899799599198396,7.063835503064991
2.74749498997996,7.089802678137511
-2.2424849699398797,-1.7108472243190254
0.8356713426853708,5.5284541795648225
2.434869739478958,6.865828069365925
0.34268537074148275,3.2790760667856165
2.519038076152304,7.203648222096671
-1.7735470941883769,-1.7554264768902816
0.39078156312625234,5.143896705451782
0.6673346693386772,2.9767373449476793
0.6312625250501003,4.70826507192122
-2.603206412825651,-2.40302016323164
0.847695390781563,3.5556784353422657
-0.7034068136272547,1.8421090245547214
0.37875751503006017,2.9223217439176055
2.2905811623246493,7.273804127694963
1.0761523046092183,5.1149773131450385
1.7374749498997994,6.254885213871678
0.17434869739478964,1.6566958121514979
-0.6553106212424851,1.4913251706833632
-2.1703406813627257,-2.5759108854209387
2.9519038076152304,9.224107915256582
-2.218436873747495,-1.9792187306215239
-1.6773547094188377,0.6507924563386003
0.8837675350701404,3.579520947088608
-0.6072144288577155,2.1091047966292837
0.7515030060120238,4.999643026452934
-0.8597194388777556,0.657809909163091
-2.591182364729459,-1.2182337964048324
2.110220440881763,7.613403623553644
-2.0741482965931866,-1.258761873187271
0.15030060120240485,2.8794744475735854
-1.0400801603206413,-0.44472136477303614
2.1462925851703405,6.9477438567207255
2.4709418837675354,8.7078446564446
-1.9178356713426854,-1.7764689332161379
1.9659318637274552,9.507822353820773
-2.2304609218436875,-0.45446659172226544
1.4008016032064123,5.350739109488198
0.22244488977955923,2.078283854619684
-1.4008016032064128,-1.4825043764451422
0.47494989979959934,6.46023728122179
2.5551102204408815,8.074766974402898
-1.593186372745491,-1.3755934585238911
-0.35470941883767537,1.5607231089344165
0.41482965931863713,3.4239330205334837
-1.376753507014028,-0.1567478455274252
1.1603206412825653,5.184844955838647
0.018036072144288706,3.16939682722146
-1.2324649298597194,0.9916958440023305
-0.0661322645290583,2.851148946766131
-1.8697394789579158,-0.7879891516634389
-2.038076152304609,-1.7872567287732248
-2.987975951903808,-2.2296503594487014
2.579158316633267,8.079925222054529
0.006012024048096087,3.733679166991747
1.2324649298597192,5.057876568030865
2.843687374749499,8.315880125246826
2.9759519038076148,8.903656248695052
1.0040080160320644,4.473678329824525
-0.006012024048096087,2.128390999405231
-0.42685370741482975,3.248628989951332
1.1843687374749496,6.139832893575436
1.9178356713426856,7.52453319102203
1.533066132264529,5.944641259189104
-0.9438877755511021,2.0436856169152673
2.3987975951903806,7.7990032731237635
-1.6052104208416833,0.39308999188378824
2.410821643286573,8.173252818131893
-1.2565130260521042,1.4855067071186983
0.2104208416833666,5.233599085519303
-2.026052104208417,-0.7668612148820101
1.6533066132264524,4.62652268821068
1.4368737474949898,5.135446183224275
-1.088176352705411,0.9549165693080105
0.6553106212424851,4.568662988771313
2.687374749498998,8.495055923764564
-2.6993987975951903,-1.0180658494699648
-0.3066132264529058,2.316189101738137
-2.8076152304609217,-1.462574814001384
2.8677354709418834,8.54069565094568
-2.122244488977956,-1.0954875832650985
-1.68937875751503,-1.7022671162579548
2.3026052104208414,7.428615479993094
0.5591182364729459,4.011319096649496
-2.2905811623246493,-2.008836668774352
-2.567134268537074,-3.337447556078985
1.6773547094188377,6.121937345639164
2.422845691382766,6.925769591180719
-1.220440881763527,0.06768600115397444
1.617234468937876,7.164790648065985
2.7114228456913825,9.528043724118572
0.03006012024048088,3.441149522594111
-2.470941883767535,-2.7573290296893918
-0.3426853707414832,2.0583039301015487
0.36673346693386755,4.156559250385393
-0.11422845691382788,3.3989706751189215
-1.8336673346693386,-0.8534973695960018
2.6993987975951903,9.4111981791974
-2.4228456913827654,-0.26312564024094187
2.2304609218436875,6.35115217345748
-0.5350701402805611,0.9551687886186127
0.31863727454909796,4.8222815576028495
-1.0521042084168337,-0.6744291281006434
-0.5711422845691385,2.1623210298788944
-1.4849699398797596,-1.136701861353741
1.0160320641282565,6.2871394654182176
1.0881763527054105,4.873464800530885
-2.627254509018036,-1.4629088694795256
2.7354709418837677,7.712218849210538
0.7635270541082164,3.481039676595154
-2.6152304609218437,-1.989774214079212
2.0741482965931866,7.207538382919012
-1.3166332665330662,0.08095200811751613
1.0641282565130261,4.453494859229247
-1.0160320641282565,2.063105081030977
-0.2945891783567136,2.2518434617858225
-2.8557114228456912,-1.2976969788939032
1.5571142284569142,5.797896054753264
-0.5110220440881763,0.7068388636435481
-1.845691382765531,-2.0411095488479174
2.6152304609218433,7.645118307065885
2.1342685370741483,7.593648966091048
-2.723446893787575,-2.1033778889667025
0.0420841683366735,2.7321529131859013
-0.15030060120240485,1.4164662977130458
2.759519038076152,9.421524768702263
2.4589178356713424,8.438527882060914
2.0621242484969935,7.742572573007676
-1.5450901803607215,0.7663539902876056
0.8236472945891782,4.592323266635564
-2.062124248496994,-2.46892908939369
-0.9078156312625252,3.429209126086884
-0.22244488977955923,1.6469058571009767
1.376753507014028,5.052794709955546
-2.0501002004008018,-1.057116358748882
1.448897795591182,5.451341211462393
-0.6793587174348699,0.8958871711233978
-2.8917835671342687,-2.9328471765179978
1.5090180360721446,7.266102357785367
-0.691382765531062,3.4447348176399917
2.182364729458918,7.57151255385964
2.9398797595190382,9.892844675306796
1.8937875751503004,6.552094857486216
-1.0761523046092185,3.0950455563149313
2.014028056112225,6.852376438101504
0.9438877755511021,5.614784127941192
1.4128256513026054,6.189550233880775
-0.2705410821643288,2.333701011123429
-1.5090180360721444,1.183414136205486
2.8797595190380765,9.190187972394556
1.701402805611222,6.383601867026033
0.16232464929859702,4.948424847140648
1.0400801603206409,4.701292876855394
2.903807615230461,10.40150779929694
1.220440881763527,5.846816543031883
2.2184368737474953,8.627045844477465
-2.7835671342685373,-2.941071588433883
1.4248496993987976,6.227853873682714
-0.3306613226452906,3.08228965294885
-2.7715430861723447,-3.0328675517129353
1.629258517034068,6.102993865694963
0.4388777555110219,4.551051192266003
1.857715430861723,7.641513262121311
1.9298597194388778,7.355868294043628
-2.314629258517034,-1.0332653954493574
1.1122244488977957,4.777805720659096
2.4829659318637276,7.071024249603323
2.6272545090180364,8.580369961440383
2.6392785571142285,8.509116888253747
-2.350701402805611,-0.20081855025733097
-1.8577154308617234,-0.7731039538072649
0.8717434869739478,5.790339852381326
1.3286573146292584,6.069661266827404
-2.3987975951903806,-1.2802086166502678
0.24649298597194402,3.106857138226788
-0.03006012024048088,2.0035402003381195
-1.6172344689378757,-0.18910131845013098
-1.5330661322645291,-0.4112357147077268
2.591182364729459,8.862976072602558
0.19839679358717444,3.802141338951962
1.5691382765531063,6.313934400149446
2.663326653306613,9.932988156179775
1.7735470941883769,5.963997811316917
-1.7134268537074149,-1.4541761062505283
0.5831663326653307,5.436178912019452
-1.557114228456914,-0.19530101793636928
-1.280561122244489,2.819589040749607
0.9919839679358717,3.9909114899538904
1.8216432865731464,6.341635893129962
0.691382765531062,5.411107417001073
0.2945891783567136,3.755452823617257
2.603206412825651,8.834101071691835
-0.7515030060120242,1.837753060305316
-2.963927855711423,-2.7182312360390233
0.6793587174348699,3.358590720677939
